Instance 1
[0.94474953 0.00744235 0.007948   0.00996503 0.00996503 0.00996503
 0.00996503]

Instance 2
[7.8049833e-03 6.8128491e-03 2.8282497e-04 9.6887099e-03 9.5538640e-01
 1.0012153e-02 1.0012153e-02]

Instance 3
[0.00821506 0.08043125 0.87673604 0.00865442 0.00865442 0.00865442
 0.00865442]

Instance 4
[0.00822056 0.94896233 0.00630423 0.00895498 0.00761557 0.00997115
 0.00997115]

Instance 5
[0.00762697 0.00677441 0.73115927 0.07712718 0.16185923 0.00772648
 0.00772648]

Instance 6
[0.00705014 0.9474023  0.01096367 0.00891404 0.00650148 0.00958415
 0.00958415]

Instance 7
[0.01767823 0.862997   0.01990078 0.02976452 0.0232198  0.0232198
 0.0232198 ]

